function [w00,w01,w02,w03,w04,w05,b00,b01,b02,w10,w11,w12,b10] = pt_dummy_xor()
	w00 = 5.054050
	w01 = -4.183420
	w02 = 4.137840
	w03 = -4.866500
	w04 = -1.988070
	w05 = -2.279740
	b00 = 1.950650
	b01 = -2.210540
	b02 = -0.482552
	w10 = -5.822430
	w11 = 6.332400
	w12 = -2.757840
	b10 = 2.930900
end